cam_model: Pinhole
cam_width: 1920
cam_height: 1200
cam_fx: 1068.42870237679
cam_fy: 1064.36748532345
cam_cx: 953.624929519216
cam_cy: 607.201198303378
cam_d0: -0.146017223858946
cam_d1: 0.082234840924577
cam_d2: 0.0
cam_d3: 0.0